#' Advent of Code 2021 solutions
#' @export
aoc_solutions <- list(
  day01a = 1527,
  day01b = 1575,
  day02a = 1714680,
  day02b = 1963088820,
  day03a = 738234,
  day03b = 3969126,
  day04a = 41668,
  day04b = 10478,
  day05a = 6397,
  day05b = 22335,
  day06a = 376194,
  day06b = NA,
  day07a = 337833,
  day07b = 96678050,
  day08a = 321,
  day08b = NA,
  day09a = NA,
  day09b = NA,
  day10a = NA,
  day10b = NA,
  day11a = NA,
  day11b = NA,
  day12a = NA,
  day12b = NA,
  day13a = NA,
  day13b = NA,
  day14a = NA,
  day14b = NA,
  day15a = NA,
  day15b = NA,
  day16a = NA,
  day16b = NA,
  day17a = NA,
  day17b = NA,
  day18a = NA,
  day18b = NA,
  day19a = NA,
  day19b = NA,
  day20a = NA,
  day20b = NA,
  day21a = NA,
  day21b = NA,
  day22a = NA,
  day22b = NA,
  day23a = NA,
  day23b = NA,
  day24a = NA,
  day24b = NA,
  day25a = NA,
  day25b = NA
)
